7851
6138
1144
7336
7174
3185
5209
5262
5681
4786
2076
3932
2414
7333
2480
5910
6892
245
5103
2452
9414
9412
6604
2034
7876
7228
804
240
6971
5695
3728
5526
139
3062
3087
9071
6646
2715
2170
3826
893
238
2636
3294
5514
4808
1702
5168
9436
7815
3460
1331
6100
9038
1607
288
3941
4935
4731
6404
6083
620
3978
691
274
8915
5654
9724
8948
451
9194
7633
1767
1166
6111
4480
3559
2612
788
7298
4854
2856
8596
8971
689
5362
385
593
962
437
9224
2158
7804
4372
4317
9469
6887
2438
9691
7016
3700
3280
9885
3416
5604
3323
4568
2914
8071
9047
8990
8103
1171
4422
4885
7266
1222
9950
7669
3484
7107
7290
8200
9805
5226
1207
2410
6592
9636
7042
3237
8095
2068
5481
8127
9404
801
8240
9586
5052
2772
2394
6536
29
2607
396
2678
2915
8581
8221
8621
60
7879
1925
7371
4763
1550
765
4572
1105
6642
8807
551
8335
5854
4699
5070
6510
231
9895
868
2934
5789
7450
6902
8007
1033
4654
7966
8996
8978
8303
5769
349
1948
2538
3082
2593
6437
8351
5924
7157
2405
9010
1153
7570
5659
9865
7510
7501
6158
4779
6149
4408
302
3108
1125
4446
7112
1623
4065
5185
3150
6997
5351
5930
4848
9163
8723
1662
1587
4053
3921
8965
1576
6388
9835
8325
5791
3801
49
7789
8094
305
2667
6533
2161
7767
493
183
4473
6265
3766
167
3341
901
4324
4548
1277
4841
5439
1673
2583
3578
5755
6911
6973
2057
2576
8687
2771
9966
115
9695
3271
3179
4125
6896
706
3660
4773
792
3640
8493
4180
9859
6346
8093
2070
1487
657
8669
9169
4192
7839
73
7944
8923
5766
7903
9748
9601
7309
8018
8962
5258
5673
2843
9177
5106
2656
4457
5781
5037
9459
7557
5071
2086
3319
762
870
5859
8742
1296
9239
8649
8727
4012
5115
4101
8147
3055
820
7662
4231
8447
5562
3884
7429
9602
2400
6041
5965
2378
7358
8680
8238
2168
7566
5462
9227
5488
5347
9259
4169
7846
9928
6627
2189
7067
1431
5474
2503
9254
1114
8047
6630
7090
8115
4576
3343
8899
8003
7368
7159
8407
8989
3893
8500
4712
3924
2731
4217
5724
1286
2942
8556
4586
1523
1439
9899
6631
4811
3436
2182
1355
8441
8431
7207
9556
6066
9941
9401
6059
8228
7037
5246
7572
6993
1067
7742
4651
8442
4173
9780
7223
1183
3329
7694
9082
4428
8250
2167
3816
5148
8067
9253
3454
6913
2415
3555
6520
6252
197
722
2368
7454
4816
8297
1283
5717
4902
5723
5969
1991
9091
9719
4483
4151
3161
1938
3260
4481
9815
2016
6543
3065
7128
2511
5865
1186
1987
2808
8553
7518
7630
3068
1760
7860
7683
3776
3694
2021
2328
8290
9107
3723
3288
2014
2481
1232
679
1602
4673
5173
7175
2919
6014
6497
968
1918
4917
4264
4978
3092
4706
3782
2398
1337
7143
2970
6956
7101
4017
1797
2846
6253
9786
2483
6624
