4530
5311
7985
2188
2496
7831
4593
8066
880
2376
9378
735
8294
5932
7869
7111
3311
3190
8214
305
3766
365
4687
7720
3417
239
2575
5975
7003
7713
556
7095
7942
4201
9957
7731
2498
9077
5739
104
7384
665
248
8432
3510
4524
9597
2117
7015
8840
8179
488
2143
5730
924
4190
792
2776
8847
9994
7640
1927
2858
7689
6410
1642
8474
2190
424
5786
2138
7930
505
1078
9850
8039
4479
1981
2332
3737
1407
8165
7980
9273
6021
6575
3164
6747
5456
4027
5231
7984
8913
8543
9903
4424
3984
6090
1606
5837
2485
8630
8490
15
8412
3306
4674
5180
9863
1520
2963
5812
6816
120
9080
6487
7235
2049
7795
4265
2067
5636
9097
7966
146
2410
198
376
5626
1422
5018
7428
5751
8136
6836
7310
1972
3459
9736
7675
4208
7931
7081
3210
3726
2997
7067
9437
9668
9846
7780
3901
8131
3048
5502
7337
8714
3244
9596
1424
7621
5873
8019
9724
3695
2309
7896
1600
9558
7150
2081
7972
434
9757
2786
5924
155
8688
6202
8853
5438
3298
3599
5695
6153
8993
8679
70
3605
9460
1176
582
3818
6700
7370
1577
4332
7167
1389
3706
8403
2205
8331
9134
5041
4935
5900
399
1653
8601
9944
2021
724
2741
5653
8924
9110
7527
5033
4466
2636
4991
8828
4812
233
6710
1070
246
5664
8449
3324
6397
8920
7987
349
6289
9838
5535
7999
7970
3272
1153
2507
3997
3503
7202
8521
8443
8815
7916
6301
5505
8749
2266
8108
3896
7956
6003
6779
9268
9969
4651
1126
3592
9116
4347
9789
6949
3831
3266
8335
7079
5427
1057
3755
1971
6063
2001
4870
9784
3040
1448
950
9563
4179
6783
9284
6533
6602
7110
5863
2881
1472
3215
8784
363
5155
2239
1072
729
4816
2857
8430
1814
9768
6336
882
2622
840
8710
7311
2643
2897
1663
1775
9569
4072
6373
3521
6929
5234
5609
5482
5591
4617
2074
1396
9723
3079
9512
3509
9349
3713
4381
5299
4434
6531
2053
3477
8496
6833
1846
6444
7645
403
9516
8234
1346
6781
4698
163
3854
1605
7781
8369
1143
145
5559
9815
3039
6657
1445
3933
4451
1773
6921
8684
9107
4444
9220
253
7666
9862
2476
2156
8042
9973
358
9199
1473
1025
9237
1686
4011
4117
4954
3403
2404
6024
9096
3257
6320
1302
9553
2431
3554
8808
9231
3364
3816
3924
1
47
4129
5960
8786
4660
9678
3310
4320
5807
5925
9797
2877
4780
7880
6880
8783
1266
708
5351
1569
5121
4418
8766
1842
1545
5844
1755
8696
3853
4198
4790
1942
5112
2661
8513
7188
9372
8677
8950
1841
7228
9233
4368
5031
6776
8406
2065
6197
1813
3405
407
9141
8723
8330
7171
8149
4237
8306
5228
9550
1283
7878
7258
8167
49
3862
8074
5292
1465
6556
9191
3402
6626
451
7364
4481
4763
4897
51
6852
1805
7981
9649
9572
679
7170
8998
8610
4998
131
5856
4132
600
6832
8063
7432
9390
3487
